# Set Constants ----
gw <- 4
first_season <- "2021_22"
prev_season <- "2023_24"
curr_season <- "2024_25"